0
0.005
0.01
0.015
0.02
0.025
0.03
0.035
0.04
0.045
0.05
0.055
0.06
0.065
0.07
0.075
0.08
0.085
0.09
0.095
0.1
0.105
0.11
0.115
0.12
0.125
0.13
0.135
0.14
0.145
0.15
0.155
0.16
0.165
0.17
0.175
0.18
0.185
0.19
0.195
0.2
0.205
0.21
0.215
0.22
0.225
0.23
0.235
0.24
0.245
0.25
0.255
0.26
0.265
0.27
0.275
0.28
0.285
0.29
0.295
0.3
0.305
0.31
0.315
0.32
0.325
0.33
0.335
0.34
0.345
0.35
0.355
0.36
0.365
0.37
0.375
0.38
0.385
0.39
0.395
0.4
0.405
0.41
0.415
0.42
0.425
0.43
0.435
0.44
0.445
0.45
0.455
0.46
0.465
0.47
0.475
0.48
0.485
0.49
0.495
0.5
0.505
0.51
0.515
0.52
0.525
0.53
0.535
0.54
0.545
0.55
0.555
0.56
0.565
0.57
0.575
0.58
0.585
0.59
0.595
0.6
0.605
0.61
0.615
0.62
0.625
0.63
0.635
0.64
0.645
0.65
0.655
0.66
0.665
0.67
0.675
0.68
0.685
0.690000000000001
0.695000000000001
0.700000000000001
0.705000000000001
0.710000000000001
0.715000000000001
0.720000000000001
0.725000000000001
0.730000000000001
0.735000000000001
0.740000000000001
0.745000000000001
0.750000000000001
0.755000000000001
0.760000000000001
0.765000000000001
0.770000000000001
0.775000000000001
0.780000000000001
0.785000000000001
0.790000000000001
0.795000000000001
0.800000000000001
0.805000000000001
0.810000000000001
0.815000000000001
0.820000000000001
0.825000000000001
0.830000000000001
0.835000000000001
0.840000000000001
0.845000000000001
0.850000000000001
0.855000000000001
0.860000000000001
0.865000000000001
0.870000000000001
0.875000000000001
0.880000000000001
0.885000000000001
0.890000000000001
0.895000000000001
0.900000000000001
0.905000000000001
0.910000000000001
0.915000000000001
0.920000000000001
0.925000000000001
0.930000000000001
0.935000000000001
0.940000000000001
0.945000000000001
0.950000000000001
0.955000000000001
0.960000000000001
0.965000000000001
0.970000000000001
0.975000000000001
0.980000000000001
0.985000000000001
0.990000000000001
0.995000000000001
1
1.005
1.01
1.015
1.02
1.025
1.03
1.035
1.04
1.045
1.05
1.055
1.06
1.065
1.07
1.075
1.08
1.085
1.09
1.095
1.1
1.105
1.11
1.115
1.12
1.125
1.13
1.135
1.14
1.145
1.15
1.155
1.16
1.165
1.17
1.175
1.18
1.185
1.19
1.195
1.2
1.205
1.21
1.215
1.22
1.225
1.23
1.235
1.24
1.245
1.25
1.255
1.26
1.265
1.26999999999999
1.27499999999999
1.27999999999999
1.28499999999999
1.28999999999999
1.29499999999999
1.29999999999999
1.30499999999999
1.30999999999999
1.31499999999999
1.31999999999999
1.32499999999999
1.32999999999999
1.33499999999999
1.33999999999999
1.34499999999999
1.34999999999999
1.35499999999999
1.35999999999999
1.36499999999999
1.36999999999999
1.37499999999999
1.37999999999999
1.38499999999999
1.38999999999999
1.39499999999999
1.39999999999999
1.40499999999999
1.40999999999999
1.41499999999999
1.41999999999999
1.42499999999999
1.42999999999999
1.43499999999999
1.43999999999999
1.44499999999999
1.44999999999999
1.45499999999999
1.45999999999999
1.46499999999999
1.46999999999999
1.47499999999999
1.47999999999999
1.48499999999999
1.48999999999999
1.49499999999999
1.49999999999999
1.50499999999999
1.50999999999999
1.51499999999999
1.51999999999999
1.52499999999999
1.52999999999999
1.53499999999999
1.53999999999999
1.54499999999999
1.54999999999999
1.55499999999999
1.55999999999999
1.56499999999999
1.56999999999999
1.57499999999999
1.57999999999999
1.58499999999999
1.58999999999999
1.59499999999999
1.59999999999999
1.60499999999999
1.60999999999999
1.61499999999999
1.61999999999999
1.62499999999999
1.62999999999999
1.63499999999999
1.63999999999999
1.64499999999999
1.64999999999999
1.65499999999999
1.65999999999999
1.66499999999999
1.66999999999999
1.67499999999999
1.67999999999999
1.68499999999999
1.68999999999999
1.69499999999999
1.69999999999999
1.70499999999999
1.70999999999999
1.71499999999999
1.71999999999999
1.72499999999999
1.72999999999999
1.73499999999998
1.73999999999998
1.74499999999998
1.74999999999998
1.75499999999998
1.75999999999998
1.76499999999998
1.76999999999998
1.77499999999998
1.77999999999998
1.78499999999998
1.78999999999998
1.79499999999998
1.79999999999998
1.80499999999998
1.80999999999998
1.81499999999998
1.81999999999998
1.82499999999998
1.82999999999998
1.83499999999998
1.83999999999998
1.84499999999998
1.84999999999998
1.85499999999998
1.85999999999998
1.86499999999998
1.86999999999998
1.87499999999998
1.87999999999998
1.88499999999998
1.88999999999998
1.89499999999998
1.89999999999998
1.90499999999998
1.90999999999998
1.91499999999998
1.91999999999998
1.92499999999998
1.92999999999998
1.93499999999998
1.93999999999998
1.94499999999998
1.94999999999998
1.95499999999998
1.95999999999998
1.96499999999998
1.96999999999998
1.97499999999998
1.97999999999998
1.98499999999998
1.98999999999998
1.99499999999998
1.99999999999998
2.00499999999998
2.00999999999998
2.01499999999998
2.01999999999998
2.02499999999998
2.02999999999998
2.03499999999998
2.03999999999998
2.04499999999998
2.04999999999998
2.05499999999998
2.05999999999998
2.06499999999998
2.06999999999998
2.07499999999998
2.07999999999998
2.08499999999998
2.08999999999998
2.09499999999998
2.09999999999998
2.10499999999998
2.10999999999998
2.11499999999998
2.11999999999998
2.12499999999998
2.12999999999998
2.13499999999998
2.13999999999998
2.14499999999998
2.14999999999998
2.15499999999998
2.15999999999998
2.16499999999998
2.16999999999998
2.17499999999998
2.17999999999998
2.18499999999998
2.18999999999998
2.19499999999998
2.19999999999998
2.20499999999998
2.20999999999998
2.21499999999997
2.21999999999997
2.22499999999997
2.22999999999997
2.23499999999997
2.23999999999997
2.24499999999997
2.24999999999997
2.25499999999997
2.25999999999997
2.26499999999997
2.26999999999997
2.27499999999997
2.27999999999997
2.28499999999997
2.28999999999997
2.29499999999997
2.29999999999997
2.30499999999997
2.30999999999997
2.31499999999997
2.31999999999997
2.32499999999997
2.32999999999997
2.33499999999997
2.33999999999997
2.34499999999997
2.34999999999997
2.35499999999997
2.35999999999997
2.36499999999997
2.36999999999997
2.37499999999997
2.37999999999997
2.38499999999997
2.38999999999997
2.39499999999997
2.39999999999997
2.40499999999997
2.40999999999997
2.41499999999997
2.41999999999997
2.42499999999997
2.42999999999997
2.43499999999997
2.43999999999997
2.44499999999997
2.44999999999997
2.45499999999997
2.45999999999997
2.46499999999997
2.46999999999997
2.47499999999997
2.47999999999997
2.48499999999997
2.48999999999997
2.49499999999997
2.49999999999997
2.50499999999997
2.50999999999997
2.51499999999997
2.51999999999997
2.52499999999997
2.52999999999997
2.53499999999997
2.53999999999997
2.54499999999997
2.54999999999997
2.55499999999997
2.55999999999997
2.56499999999997
2.56999999999997
2.57499999999997
2.57999999999997
2.58499999999997
2.58999999999997
2.59499999999997
2.59999999999997
2.60499999999997
2.60999999999997
2.61499999999997
2.61999999999997
2.62499999999997
2.62999999999997
2.63499999999997
2.63999999999997
2.64499999999997
2.64999999999997
2.65499999999997
2.65999999999997
2.66499999999997
2.66999999999997
2.67499999999997
2.67999999999997
2.68499999999996
2.68999999999996
2.69499999999996
2.69999999999996
2.70499999999996
2.70999999999996
2.71499999999996
2.71999999999996
2.72499999999996
2.72999999999996
2.73499999999996
2.73999999999996
2.74499999999996
2.74999999999996
2.75499999999996
2.75999999999996
2.76499999999996
2.76999999999996
2.77499999999996
2.77999999999996
2.78499999999996
2.78999999999996
2.79499999999996
2.79999999999996
2.80499999999996
2.80999999999996
2.81499999999996
2.81999999999996
2.82499999999996
2.82999999999996
2.83499999999996
2.83999999999996
2.84499999999996
2.84999999999996
2.85499999999996
2.85999999999996
2.86499999999996
2.86999999999996
2.87499999999996
2.87999999999996
2.88499999999996
2.88999999999996
2.89499999999996
2.89999999999996
2.90499999999996
2.90999999999996
2.91499999999996
2.91999999999996
2.92499999999996
2.92999999999996
2.93499999999996
2.93999999999996
2.94499999999996
2.94999999999996
2.95499999999996
2.95999999999996
2.96499999999996
2.96999999999996
2.97499999999996
2.97999999999996
2.98499999999996
2.98999999999996
2.99499999999996
2.99999999999996
3.00499999999996
3.00999999999996
3.01499999999996
3.01999999999996
3.02499999999996
3.02999999999996
3.03499999999996
3.03999999999996
3.04499999999996
3.04999999999996
3.05499999999996
3.05999999999996
3.06499999999996
3.06999999999996
3.07499999999996
3.07999999999996
3.08499999999996
3.08999999999996
3.09499999999996
3.09999999999996
3.10499999999996
3.10999999999996
3.11499999999996
3.11999999999996
3.12499999999996
3.12999999999996
3.13499999999996
3.13999999999996
3.14499999999996
3.14999999999996
3.15499999999995
3.15999999999995
3.16499999999995
3.16999999999995
3.17499999999995
3.17999999999995
3.18499999999995
3.18999999999995
3.19499999999995
3.19999999999995
3.20499999999995
3.20999999999995
3.21499999999995
3.21999999999995
3.22499999999995
3.22999999999995
3.23499999999995
3.23999999999995
3.24499999999995
3.24999999999995
3.25499999999995
3.25999999999995
3.26499999999995
3.26999999999995
3.27499999999995
3.27999999999995
3.28499999999995
3.28999999999995
3.29499999999995
3.29999999999995
3.30499999999995
3.30999999999995
3.31499999999995
3.31999999999995
3.32499999999995
3.32999999999995
3.33499999999995
3.33999999999995
3.34499999999995
3.34999999999995
3.35499999999995
3.35999999999995
3.36499999999995
3.36999999999995
3.37499999999995
3.37999999999995
3.38499999999995
3.38999999999995
3.39499999999995
3.39999999999995
3.40499999999995
3.40999999999995
3.41499999999995
3.41999999999995
3.42499999999995
3.42999999999995
3.43499999999995
3.43999999999995
3.44499999999995
3.44999999999995
3.45499999999995
3.45999999999995
3.46499999999995
3.46999999999995
3.47499999999995
3.47999999999995
3.48499999999995
3.48999999999995
3.49499999999995
3.49999999999995
3.50499999999995
3.50999999999995
3.51499999999995
3.51999999999995
3.52499999999995
3.52999999999995
3.53499999999995
3.53999999999995
3.54499999999995
3.54999999999995
3.55499999999995
3.55999999999995
3.56499999999995
3.56999999999995
3.57499999999995
3.57999999999995
3.58499999999995
3.58999999999995
3.59499999999995
3.59999999999995
3.60499999999995
3.60999999999995
3.61499999999995
3.61999999999995
3.62499999999994
3.62999999999994
3.63499999999994
3.63999999999994
3.64499999999994
3.64999999999994
3.65499999999994
3.65999999999994
3.66499999999994
3.66999999999994
3.67499999999994
3.67999999999994
3.68499999999994
3.68999999999994
3.69499999999994
3.69999999999994
3.70499999999994
3.70999999999994
3.71499999999994
3.71999999999994
3.72499999999994
3.72999999999994
3.73499999999994
3.73999999999994
3.74499999999994
3.74999999999994
3.75499999999994
3.75999999999994
3.76499999999994
3.76999999999994
3.77499999999994
3.77999999999994
3.78499999999994
3.78999999999994
3.79499999999994
3.79999999999994
3.80499999999994
3.80999999999994
3.81499999999994
3.81999999999994
3.82499999999994
3.82999999999994
3.83499999999994
3.83999999999994
3.84499999999994
3.84999999999994
3.85499999999994
3.85999999999994
3.86499999999994
3.86999999999994
3.87499999999994
3.87999999999994
3.88499999999994
3.88999999999994
3.89499999999994
3.89999999999994
3.90499999999994
3.90999999999994
3.91499999999994
3.91999999999994
3.92499999999994
3.92999999999994
3.93499999999994
3.93999999999994
3.94499999999994
3.94999999999994
3.95499999999994
3.95999999999994
3.96499999999994
3.96999999999994
3.97499999999994
3.97999999999994
3.98499999999994
3.98999999999994
3.99499999999994
3.99999999999994
4.00499999999994
4.00999999999994
4.01499999999994
4.01999999999994
4.02499999999994
4.02999999999994
4.03499999999994
4.03999999999994
4.04499999999994
4.04999999999994
4.05499999999994
4.05999999999994
4.06499999999994
4.06999999999994
4.07499999999994
4.07999999999994
4.08499999999994
4.08999999999994
4.09499999999993
4.09999999999993
4.10499999999993
4.10999999999993
4.11499999999993
4.11999999999993
4.12499999999993
4.12999999999993
4.13499999999993
4.13999999999993
4.14499999999993
4.14999999999993
4.15499999999993
4.15999999999993
4.16499999999993
4.16999999999993
4.17499999999993
4.17999999999993
4.18499999999993
4.18999999999993
4.19499999999993
4.19999999999993
4.20499999999993
4.20999999999993
4.21499999999993
4.21999999999993
4.22499999999993
4.22999999999993
4.23499999999993
4.23999999999993
4.24499999999993
4.24999999999993
4.25499999999993
4.25999999999993
4.26499999999993
4.26999999999993
4.27499999999993
4.27999999999993
4.28499999999993
4.28999999999993
4.29499999999993
4.29999999999993
4.30499999999993
4.30999999999993
4.31499999999993
4.31999999999993
4.32499999999993
4.32999999999993
4.33499999999993
4.33999999999993
4.34499999999993
4.34999999999993
4.35499999999993
4.35999999999993
4.36499999999993
4.36999999999993
4.37499999999993
4.37999999999993
4.38499999999993
4.38999999999993
4.39499999999993
4.39999999999993
4.40499999999993
4.40999999999993
4.41499999999993
4.41999999999993
4.42499999999993
4.42999999999993
4.43499999999993
4.43999999999993
4.44499999999993
4.44999999999993
4.45499999999993
4.45999999999993
4.46499999999993
4.46999999999993
4.47499999999993
4.47999999999993
4.48499999999993
4.48999999999993
4.49499999999993
4.49999999999993
4.50499999999993
4.50999999999993
4.51499999999993
4.51999999999993
4.52499999999993
4.52999999999993
4.53499999999993
4.53999999999993
4.54499999999993
4.54999999999993
4.55499999999993
4.55999999999993
4.56499999999992
4.56999999999992
4.57499999999992
4.57999999999992
4.58499999999992
4.58999999999992
4.59499999999992
4.59999999999992
4.60499999999992
4.60999999999992
4.61499999999992
4.61999999999992
4.62499999999992
4.62999999999992
4.63499999999992
4.63999999999992
4.64499999999992
4.64999999999992
4.65499999999992
4.65999999999992
4.66499999999992
4.66999999999992
4.67499999999992
4.67999999999992
4.68499999999992
4.68999999999992
4.69499999999992
4.69999999999992
4.70499999999992
4.70999999999992
4.71499999999992
4.71999999999992
4.72499999999992
4.72999999999992
4.73499999999992
4.73999999999992
4.74499999999992
4.74999999999992
4.75499999999992
4.75999999999992
4.76499999999992
4.76999999999992
4.77499999999992
4.77999999999992
4.78499999999992
4.78999999999992
4.79499999999992
4.79999999999992
4.80499999999992
4.80999999999992
4.81499999999992
4.81999999999992
4.82499999999992
4.82999999999992
4.83499999999992
4.83999999999992
4.84499999999992
4.84999999999992
4.85499999999992
4.85999999999992
4.86499999999992
4.86999999999992
4.87499999999992
4.87999999999992
4.88499999999992
4.88999999999992
4.89499999999992
4.89999999999992
4.90499999999992
4.90999999999992
4.91499999999992
4.91999999999992
4.92499999999992
4.92999999999992
4.93499999999992
4.93999999999992
4.94499999999992
4.94999999999992
4.95499999999992
4.95999999999992
4.96499999999992
4.96999999999992
4.97499999999992
4.97999999999992
4.98499999999992
4.98999999999992
4.99499999999992
4.99999999999992
5.00499999999992
